필터를 displayFilter로 확인하면 다음과 같은 결과를 콘솔을 통해 확인할 수 있습니다.
13x13 가우시안 필터와 7x7 가우시안 정답 필터의 예시입니다. 코드에 따라 필터가 달라질 수 있어,
아래 필터를 참고해 문제를 제출해주세요.

13x13 Filter Mat[
0.000,  0.000,  0.000,  0.000,  0.000,  0.000,  0.000,  0.000,  0.000,  0.000,  0.000,  0.000,  0.000
0.000,  0.000,  0.000,  0.001,  0.001,  0.002,  0.002,  0.002,  0.001,  0.001,  0.000,  0.000,  0.000
0.000,  0.000,  0.001,  0.002,  0.003,  0.005,  0.005,  0.005,  0.003,  0.002,  0.001,  0.000,  0.000
0.000,  0.001,  0.002,  0.004,  0.008,  0.011,  0.013,  0.011,  0.008,  0.004,  0.002,  0.001,  0.000
0.000,  0.001,  0.003,  0.008,  0.015,  0.021,  0.024,  0.021,  0.015,  0.008,  0.003,  0.001,  0.000
0.000,  0.002,  0.005,  0.011,  0.021,  0.031,  0.035,  0.031,  0.021,  0.011,  0.005,  0.002,  0.000
0.000,  0.002,  0.005,  0.013,  0.024,  0.035,  0.040,  0.035,  0.024,  0.013,  0.005,  0.002,  0.000
0.000,  0.002,  0.005,  0.011,  0.021,  0.031,  0.035,  0.031,  0.021,  0.011,  0.005,  0.002,  0.000
0.000,  0.001,  0.003,  0.008,  0.015,  0.021,  0.024,  0.021,  0.015,  0.008,  0.003,  0.001,  0.000
0.000,  0.001,  0.002,  0.004,  0.008,  0.011,  0.013,  0.011,  0.008,  0.004,  0.002,  0.001,  0.000
0.000,  0.000,  0.001,  0.002,  0.003,  0.005,  0.005,  0.005,  0.003,  0.002,  0.001,  0.000,  0.000
0.000,  0.000,  0.000,  0.001,  0.001,  0.002,  0.002,  0.002,  0.001,  0.001,  0.000,  0.000,  0.000
0.000,  0.000,  0.000,  0.000,  0.000,  0.000,  0.000,  0.000,  0.000,  0.000,  0.000,  0.000,  0.000
]

7x7 Filter Mat[
0.000,  0.000,  0.001,  0.002,  0.001,  0.000,  0.000
0.000,  0.003,  0.013,  0.022,  0.013,  0.003,  0.000
0.001,  0.013,  0.059,  0.097,  0.059,  0.013,  0.001
0.002,  0.022,  0.097,  0.159,  0.097,  0.022,  0.002
0.001,  0.013,  0.059,  0.097,  0.059,  0.013,  0.001
0.000,  0.003,  0.013,  0.022,  0.013,  0.003,  0.000
0.000,  0.000,  0.001,  0.002,  0.001,  0.000,  0.000
]